# manual converted
camera_matrix:
- - 2013.1848985098545
  - 0.0
  - 1013.7492091635099
- - 0.0
  - 2012.7222672398761
  - 760.0430892252506
- - 0.0
  - 0.0
  - 1.0
dist_coeff:
- - -0.5204906615713555
  - 0.6603399685159602
  - 0.0007166077775451808
  - -0.0023273317302081836
  - -1.5103471957938812
