camera_matrix:
- - 2014.3135800186865
  - 0.0
  - 1015.9798383915593
- - 0.0
  - 2014.062121109804
  - 759.4581966410157
- - 0.0
  - 0.0
  - 1.0
dist_coeff:
- - -0.5270254823309743
  - 0.7618205439386481
  - 0.0007424049224983751
  - -0.0026263805605834458
  - -1.9108897984369326
img_size:
- 1520
- 2028
