camera_matrix:
- - 2013.781128096713
  - 0.0
  - 1015.0828026209248
- - 0.0
  - 2013.781128096713
  - 759.3245692099596
- - 0.0
  - 0.0
  - 1.0
dist_coeff:
- - -10.635686576116361
- - 45.75798096165585
- - 0.0007844450827717839
- - -0.0024920499847553164
- - 22.14975168069109
- - -10.105232085836962
- - 39.74658043986855
- - 49.74834083767939
- - 0.0
- - 0.0
- - 0.0
- - 0.0
- - 0.0
- - 0.0
img_size:
- 1520
- 2028
