camera_matrix:
- - 1967.4470652707696
  - 0.0
  - 1013.8371584309785
- - 0.0
  - 1967.4470652707696
  - 807.6372373738319
- - 0.0
  - 0.0
  - 1.0
dist_coeff:
- - -8.549408131461604
- - 24.795141228898398
- - -0.0002583875434405743
- - -0.0015570371581866808
- - 16.45952726748152
- - -7.991584907951437
- - 19.70807117588288
- - 33.56022345306643
- - 0.0
- - 0.0
- - 0.0
- - 0.0
- - 0.0
- - 0.0
img_size:
- 1520
- 2028
