# manual converted
camera_matrix:
- - 1967.2287661398443
  - 0.0
  - 1013.2145080183677
- - 0.0
  - 1967.0277060582227
  - 806.6716062287173
- - 0.0
  - 0.0
  - 1.0
dist_coeff:
- - -0.5093522825407616
  - 0.01045619552472488
  - -5.2305616349283055e-05
  - -0.0014313689278111707
  - 0.5269348047340804
