camera_matrix:
- - 1966.4880438618143
  - 0.0
  - 1012.863920714546
- - 0.0
  - 1966.2123232340548
  - 807.0634284647491
- - 0.0
  - 0.0
  - 1.0
dist_coeff:
- - -0.5068608492589699
  - -0.006543284659132169
  - -0.00012209378531408471
  - -0.0013570641702648914
  - 0.5603977462538351
img_size:
- 1520
- 2028
